0.00000000 10.00000000
10.00000000 10.00000000
10.00000000 10.00000000
30.00000000 30.00000000
40.00000000 40.00000000
80.00000000 80.00000000
120.00000000 120.00000000
90.00000000 90.00000000
180.00000000 180.00000000
270.00000000 280.00000000
310.00000000 320.00000000
340.00000000 350.00000000
40.00000000 40.00000000
60.00000000 60.00000000
30.00000000 30.00000000
290.00000000 300.00000000
330.00000000 340.00000000
370.00000000 370.00000000
970.00000000 980.00000000
1190.00000000 1210.00000000
1390.00000000 1400.00000000
90.00000000 90.00000000
80.00000000 80.00000000
110.00000000 110.00000000
-1 -1
790.00000000 810.00000000
880.00000000 890.00000000
1780.00000000 1800.00000000
2900.00000000 2920.00000000
2840.00000000 2860.00000000

